name: interpro
channels:
  - bioconda
  - defaults
  - conda-forge
dependencies:
  - _libgcc_mutex=0.1=conda_forge
  - _openmp_mutex=4.5=2_gnu
  - blast=2.12.0=pl5262h3289130_0
  - bzip2=1.0.8=h5eee18b_6
  - c-ares=1.19.1=h5eee18b_0
  - ca-certificates=2024.7.2=h06a4308_0
  - cath-tools=0.16.5=h78a066a_0
  - certifi=2020.6.20=pyhd3eb1b0_3
  - curl=7.88.1=h37d81fd_2
  - dbus=1.13.18=hb2f20db_0
  - emboss=6.6.0=he06d7ca_1
  - entrez-direct=22.1=he881be0_0
  - expat=2.6.2=h6a678d5_0
  - fontconfig=2.14.1=h4c34cd2_2
  - freetype=2.12.1=h4a9f257_0
  - giflib=5.1.4=h14c3975_1
  - glib=2.69.1=h4ff587b_1
  - hmmer=3.3.2=h87f3376_2
  - hmmer2=2.3.2=h031d066_9
  - icu=73.1=h6a678d5_0
  - interproscan=5.59_91.0=hec16e2b_1
  - jpeg=9e=h5eee18b_1
  - krb5=1.20.1=h568e23c_1
  - libcurl=7.88.1=h91b91d3_2
  - libedit=3.1.20230828=h5eee18b_0
  - libev=4.33=h7f8727e_1
  - libffi=3.3=he6710b0_2
  - libgcc-ng=14.1.0=h77fa898_0
  - libgd=2.2.5=h8e06009_4
  - libgfortran-ng=7.5.0=ha8ba4b0_17
  - libgfortran4=7.5.0=ha8ba4b0_17
  - libgomp=14.1.0=h77fa898_0
  - libidn2=2.3.4=h5eee18b_0
  - libnghttp2=1.52.0=ha637b67_1
  - libpng=1.6.39=h5eee18b_0
  - libssh2=1.10.0=h37d81fd_2
  - libstdcxx-ng=11.2.0=h1234567_1
  - libtiff=4.1.0=hecacb30_2
  - libunistring=0.9.10=h27cfd23_0
  - libuuid=1.41.5=h5eee18b_0
  - libwebp=1.0.1=h8e7db2f_0
  - libxcb=1.15=h7f8727e_0
  - libxml2=2.10.4=hfdd30dd_2
  - lz4-c=1.9.4=h6a678d5_1
  - ncurses=6.4=h6a678d5_0
  - openjdk=11.0.13=h87a67e3_0
  - openssl=1.1.1w=h7f8727e_0
  - pcre=8.45=h295c915_0
  - perl=5.26.2=h14c3975_0
  - perl-archive-tar=2.32=pl526_0
  - perl-carp=1.38=pl526_3
  - perl-common-sense=3.74=pl526_2
  - perl-compress-raw-bzip2=2.087=pl526he1b5a44_0
  - perl-compress-raw-zlib=2.087=pl526hc9558a2_0
  - perl-exporter=5.72=pl526_1
  - perl-exporter-tiny=1.002001=pl526_0
  - perl-extutils-makemaker=7.36=pl526_1
  - perl-io-compress=2.087=pl526he1b5a44_0
  - perl-io-zlib=1.10=pl526_2
  - perl-json=4.02=pl526_0
  - perl-json-xs=2.34=pl526h6bb024c_3
  - perl-list-moreutils=0.428=pl526_1
  - perl-list-moreutils-xs=0.428=pl526_0
  - perl-pathtools=3.75=pl526h14c3975_1
  - perl-scalar-list-utils=1.52=pl526h516909a_0
  - perl-types-serialiser=1.0=pl526_2
  - perl-xsloader=0.24=pl526_0
  - pftools=2.3.5=h4333106_0
  - pip=10.0.1=py35_0
  - python=3.5.6=h12debd9_1
  - readline=8.2=h5eee18b_0
  - setuptools=40.2.0=py35_0
  - sfld=1.1=h031d066_3
  - sqlite=3.45.3=h5eee18b_0
  - tk=8.6.14=h39e8969_0
  - wget=1.21.4=h91b91d3_1
  - wheel=0.37.1=pyhd3eb1b0_0
  - xz=5.4.6=h5eee18b_1
  - zlib=1.2.13=h5eee18b_1
  - zstd=1.5.5=hc292b87_2
prefix: /home/drt83172/.conda/envs/interpro
